各网格点的地图放大系数m_ij（无量纲）
1.091 1.102 1.11 1.116 1.117 1.116 1.11 1.102 1.091 1.078 1.064 1.05 1.036 1.023 1.011 1 0.99 0.982 0.975 0.97
1.063 1.072 1.078 1.082 1.084 1.082 1.078 1.072 1.063 1.053 1.043 1.031 1.02 1.01 1 0.991 0.983 0.977 0.972 0.968
1.04 1.046 1.051 1.054 1.055 1.054 1.051 1.046 1.04 1.032 1.024 1.015 1.006 0.998 0.99 0.983 0.977 0.972 0.969 0.966
1.02 1.025 1.029 1.031 1.032 1.031 1.029 1.025 1.02 1.014 1.008 1.001 0.994 0.988 0.982 0.977 0.972 0.969 0.967 0.966
1.004 1.008 1.011 1.012 1.013 1.012 1.011 1.008 1.004 1 0.995 0.99 0.984 0.98 0.975 0.972 0.969 0.967 0.966 0.966
0.991 0.994 0.996 0.997 0.998 0.997 0.996 0.994 0.991 0.988 0.984 0.98 0.977 0.973 0.97 0.968 0.966 0.966 0.966 0.967
0.981 0.983 0.984 0.985 0.986 0.985 0.984 0.983 0.981 0.979 0.976 0.974 0.971 0.969 0.967 0.966 0.966 0.966 0.967 0.97
0.974 0.975 0.976 0.977 0.977 0.977 0.976 0.975 0.974 0.972 0.97 0.969 0.967 0.966 0.966 0.966 0.966 0.968 0.97 0.973
0.969 0.969 0.97 0.97 0.971 0.97 0.97 0.969 0.969 0.968 0.967 0.966 0.966 0.966 0.966 0.967 0.969 0.971 0.974 0.978
0.966 0.966 0.967 0.967 0.967 0.967 0.967 0.966 0.966 0.966 0.966 0.966 0.966 0.967 0.968 0.97 0.972 0.976 0.98 0.985
0.966 0.966 0.966 0.966 0.966 0.966 0.966 0.966 0.966 0.966 0.967 0.967 0.968 0.97 0.972 0.974 0.978 0.982 0.987 0.992
0.968 0.967 0.967 0.967 0.967 0.967 0.967 0.967 0.968 0.968 0.969 0.971 0.972 0.974 0.977 0.98 0.984 0.989 0.995 1.001
0.972 0.971 0.97 0.97 0.97 0.97 0.97 0.971 0.972 0.973 0.974 0.976 0.978 0.981 0.984 0.988 0.993 0.998 1.005 1.012
0.978 0.977 0.976 0.976 0.975 0.976 0.976 0.977 0.978 0.979 0.981 0.983 0.986 0.989 0.993 0.998 1.003 1.009 1.016 1.024
0.986 0.984 0.984 0.983 0.983 0.983 0.984 0.984 0.986 0.987 0.99 0.992 0.995 0.999 1.004 1.009 1.014 1.021 1.029 1.037
0.996 0.994 0.993 0.992 0.992 0.992 0.993 0.994 0.996 0.998 1 1.003 1.007 1.011 1.016 1.021 1.028 1.035 1.043 1.052

各网格点的Coriolis系数f_ij（单位：1e-4 s-1）
1.375 1.382 1.387 1.39 1.391 1.39 1.387 1.382 1.375 1.366 1.355 1.342 1.326 1.307 1.286 1.262 1.235 1.205 1.173 1.137
1.354 1.361 1.366 1.369 1.37 1.369 1.366 1.361 1.354 1.345 1.333 1.319 1.303 1.284 1.262 1.238 1.21 1.18 1.147 1.111
1.33 1.338 1.343 1.346 1.347 1.346 1.343 1.338 1.33 1.321 1.308 1.294 1.277 1.257 1.235 1.21 1.182 1.152 1.119 1.083
1.303 1.311 1.316 1.319 1.321 1.319 1.316 1.311 1.303 1.293 1.28 1.266 1.248 1.228 1.205 1.18 1.152 1.121 1.088 1.052
1.272 1.28 1.286 1.29 1.291 1.29 1.286 1.28 1.272 1.262 1.249 1.234 1.216 1.196 1.173 1.147 1.119 1.088 1.054 1.018
1.239 1.247 1.253 1.256 1.257 1.256 1.253 1.247 1.239 1.228 1.215 1.199 1.181 1.161 1.137 1.111 1.083 1.052 1.018 0.983
1.202 1.21 1.216 1.22 1.221 1.22 1.216 1.21 1.202 1.191 1.178 1.162 1.143 1.123 1.099 1.073 1.045 1.014 0.98 0.944
1.162 1.17 1.176 1.18 1.181 1.18 1.176 1.17 1.162 1.151 1.137 1.121 1.103 1.082 1.058 1.032 1.004 0.973 0.939 0.904
1.119 1.127 1.134 1.137 1.139 1.137 1.134 1.127 1.119 1.108 1.094 1.078 1.059 1.038 1.015 0.989 0.96 0.93 0.897 0.861
1.073 1.082 1.088 1.092 1.093 1.092 1.088 1.082 1.073 1.062 1.048 1.032 1.014 0.992 0.969 0.943 0.915 0.884 0.852 0.817
1.025 1.033 1.04 1.043 1.045 1.043 1.04 1.033 1.025 1.014 1 0.984 0.965 0.944 0.921 0.895 0.867 0.837 0.805 0.771
0.974 0.983 0.989 0.992 0.994 0.992 0.989 0.983 0.974 0.963 0.949 0.933 0.915 0.894 0.871 0.846 0.818 0.788 0.757 0.723
0.921 0.93 0.936 0.939 0.941 0.939 0.936 0.93 0.921 0.91 0.897 0.881 0.863 0.842 0.819 0.794 0.767 0.738 0.707 0.674
0.866 0.875 0.881 0.884 0.886 0.884 0.881 0.875 0.866 0.855 0.842 0.826 0.809 0.788 0.766 0.741 0.715 0.686 0.656 0.624
0.81 0.818 0.824 0.828 0.829 0.828 0.824 0.818 0.81 0.799 0.786 0.771 0.753 0.733 0.711 0.687 0.661 0.633 0.604 0.572
0.752 0.76 0.766 0.77 0.771 0.77 0.766 0.76 0.752 0.741 0.729 0.714 0.697 0.677 0.656 0.632 0.607 0.58 0.551 0.52
